s=[0.062683,
0.098989,
0.186121,
0.174541,
0.096768,
0.243726,
0.336586,
0.206658,
0.333754,
0.288207,
0.153497,
0.149723,
0.246861,
0.105540,
0.140191,
0.142371,
0.352501,
0.216778,
0.161457,
0.345306,
0.331616,
0.338571,
0.365051,
0.345521,
0.176365,
0.122718,
0.361245,
0.596562,
0.329988,
0.357046,
0.354841,
0.180458,
0.359621,
0.392329,
0.344560,
0.367575,
0.613435,
0.177326,
0.361996,
0.189458,
0.440131,
0.379697,
0.362091,
0.271470,
0.356114,
0.443633,
0.360841,
0.179882,
0.390495,
0.118129,
0.444266,
0.362327,
0.607684,
0.369583,
0.236164,
0.353906,
0.358989,
0.357568,
0.403400,
0.355389,
0.361574,
0.501115,
0.565467,
0.725038,
0.179315,
0.308314,
0.179387,
0.358069,
0.539680,
0.609845,
0.622418,
0.361134,
0.534576,
0.412849,
0.361170,
0.350411,
0.500879,
0.360869,
0.358806,
0.362671,
0.628181,
0.358672,
0.828788,
0.358872,
0.426939,
0.358953,
0.386951,
0.345330,
0.161394,
0.465700,
0.708138,
0.361387,
0.495510,
0.753712,
0.410300,
0.325714,
0.719112,
0.414553,
0.670680,
0.261164,
0.354598,
0.360886,
0.370160,
0.352247,
0.420626,
0.436129,
1.865430,
0.746797,
0.360726,
0.535831,
0.448770,
0.453402,
0.565529,
0.505605,
0.279982,
0.089980,
0.362970,
0.489995,
0.390458,
0.365166,
0.090808,
0.488199,
0.329847,
0.195085,
0.366384,
0.544447,
0.363880,
0.709042,
0.451362,
0.361167,
0.340847,
0.421240,
2.500000,
0.580808,
0.345553,
0.361752,
0.361156,
0.507409,
0.723157,
2.500000,
0.693054,
0.469885,
1.058950,
0.373300,
0.523821,
0.180552,
0.965089,
0.381462,
0.907212,
0.361456,
0.666724,
0.509454,
0.404286,
0.537390,
0.382231,
0.361382,
0.648191,
0.384689,
0.540844,
0.468805,
0.412178,
0.360504,
0.213237,
0.477750,
0.824178,
0.540065,
0.384689,
1.586480,
0.191949,
0.707008,
0.660218,
0.183825,
0.638585,
2.500000,
0.512828,
0.800064,
0.421969,
0.453873,
2.500000,
0.641552,
1.813530,
0.391989,
0.634758,
0.371705,
0.360447,
0.494519,
0.534117,
0.361092,
0.458119,
0.615215,
0.282219,
0.675713,
0.377166,
0.880444,
2.500000,
0.477889,
0.774032,
0.491256,
1.419840,
1.405710,
0.361329,
0.725045,
0.380135,
0.969814,
0.733356,
0.361038,
0.779664,
0.591660,
0.446714,
0.524121,
0.536827,
0.333629,
0.767591,
0.332570,
0.581377,
0.477666,
1.014340,
0.285807,
0.678638,
0.343930,
0.452923,
0.660026,
0.623410,
0.523867,
0.547673,
0.578640,
0.615283,
2.299910,
0.450619,
2.163280,
0.646343,
0.361279,
0.426997,
0.581674,
2.500000,
0.457921,
0.751165,
0.480264,
0.621804,
0.454266,
2.500000,
0.834134,
0.645603,
2.500000,
0.539077,
0.853965,
2.500000,
0.428426,
0.470203,
0.584525,
0.482875,
0.696184,
0.370724,
0.263055,
0.545881,
0.535559,
0.307652,
0.534611,
1.113720,
0.430405,
0.440361,
0.593943,
0.938792,
2.500000,
0.209794,
0.724109,
0.349120,
0.708514,
0.345317,
0.634075,
1.481830,
0.722000,
1.089420,
0.629512,
0.756008,
0.719209,
1.555540,
0.848812,
1.539690,
0.627182,
0.386140,
0.507635,
0.173784,
0.475084,
0.687382,
2.500000,
0.521185,
0.678400,
0.640032,
0.455895,
0.385629,
2.500000,
0.929928,
0.758154,
0.356417,
0.484541,
1.092510,
0.362063,
0.408875,
1.045230,
0.722353,
0.601066,
0.369995,
0.532711,
0.615379,
0.938309,
0.334164,
0.910405,
2.500000,
0.444379,
0.710112,
0.696569,
2.248820,
0.487651,
0.424378,
0.444628,
1.001860,
0.874773,
0.316791,
0.480037,
0.544295,
0.572729,
0.426822,
0.458071,
0.424313,
0.873664,
1.503690,
0.710972,
0.514643,
2.500000,
0.669763,
1.689660,
0.725235,
1.478100,
0.763719,
0.233507,
2.500000,
0.463781,
0.753659,
1.159950,
0.675727,
0.661305,
0.075401,
1.163250,
0.806610,
1.801940,
0.673693,
0.788938,
2.500000,
0.647718,
0.532816,
2.500000,
0.576163,
0.865184,
2.500000,
0.473657,
0.706196,
2.500000,
0.459796,
2.500000,
0.538969,
0.462421,
2.500000,
0.351724,
2.370620,
0.768322,
0.337688,
0.583621,
0.828788,
2.500000,
0.666027,
0.408852,
2.500000,
0.647958,
0.398004,
0.372365,
1.106370,
0.146945,
2.500000,
0.335328,
1.975640,
0.669887,
0.815286,
1.587130,
2.500000,
0.564569,
1.482320,
2.500000,
0.559707,
0.746879,
0.552982,
2.500000,
0.446818,
0.319101,
1.041660,
0.171447,
2.500000,
0.518444,
0.405341,
0.654361,
0.361180,
0.614330,
0.457278,
0.402130,
0.633691,
0.550926,
1.935860,
0.434822,
0.666812,
1.364620,
0.772796,
0.507755,
0.361078,
0.831135,
0.471197,
2.500000,
0.361249,
2.059200,
0.388202,
2.500000,
0.449405,
0.396719,
0.586578,
0.733652,
0.464987,
0.522565,
0.407457,
0.981231,
0.861056,
0.844149,
2.482550,
0.406074,
0.562657,
0.088524,
0.638107,
0.716718,
2.134120,
1.074360,
1.038530,
0.761277,
0.203612,
0.700259,
2.500000,
0.476310,
0.671180,
2.090080,
0.629400,
0.514981,
1.601930,
0.626529,
0.401533,
1.187270,
2.500000,
1.738110,
0.405734,
0.590287,
0.173668,
0.438155,
2.500000,
1.916670,
0.478552,
2.500000,
0.415039,
1.363130,
0.586412,
0.609698,
0.622367,
0.459508,
2.500000,
0.342504,
0.361079,
2.406820,
0.412066,
0.588176,
0.399594,
2.500000,
0.518892,
2.500000,
2.121010,
0.491409,
1.516160,
0.657159,
0.591053,
1.484850,
2.022730,
0.319553,
0.692292,
0.786072,
0.759277,
1.788810,
0.341164,
2.500000,
1.625350,
1.944610,
0.360997,
0.705571,
0.955831,
2.500000,
1.191040,
0.403902,
0.722348,
0.828723,
1.350990,
0.744946,
0.425594,
0.704044,
2.500000,
1.644050,
1.376460,
1.189020,
0.180247,
0.623590,
2.500000,
2.014850,
0.453691,
2.500000,
0.967631,
0.374847,
1.924950,
2.040480,
0.552215,
0.804136,
0.181880,
0.784411,
1.095190,
2.500000,
2.500000,
0.807094,
0.402171,
1.016020,
1.149340,
0.994993,
2.500000,
2.392450,
0.638071,
1.173650,
1.313960,
0.665879,
2.401250,
0.440804,
2.500000,
0.701964,
1.327290,
1.379250,
2.500000,
0.705869,
1.115990,
1.386540,
0.480639,
2.500000,
1.151150,
0.518119,
0.893289,
2.258600,
0.718725,
1.821100,
1.424150,
1.366890,
0.642102,
0.373494,
0.340082,
1.561460,
2.500000,
0.955108,
1.240630,
2.053290,
0.617239,
1.078360,
0.453159,
2.072610,
0.783808,
1.648850,
1.823970,
1.400130,
0.423288,
0.609812,
0.599602,
2.500000,
1.131860,
1.097990,
0.614941,
1.175430,
2.138870,
1.148520,
1.052700,
1.590910,
0.561353,
1.295490,
2.500000,
0.427370,
0.805359,
2.500000,
1.723790,
0.709134,
2.499900,
1.560400,
0.473712,
0.946410,
1.101250,
2.438690,
0.361174,
0.090294,
0.835765,
2.500000,
0.473914,
0.421169,
0.532074,
0.926604,
2.500000,
2.500000,
1.343080,
0.662402,
1.501430,
0.893130,
0.382388,
0.361195,
0.932576,
0.456955,
1.605540,
1.002460,
0.465208,
0.361199,
1.629370,
1.473010,
0.832422,
2.266790,
0.387653,
1.437720,
1.468250,
0.444418,
1.578330,
1.966650,
0.702331,
0.905125,
0.862138,
0.543476,
0.830063,
0.753604,
2.404620,
2.500000,
2.251650,
1.400160,
0.540146,
0.625490,
1.098600,
1.225360,
1.059100,
0.494173,
0.150170,
0.681793,
0.331194,
2.300750,
1.820550,
0.556445,
0.457104,
1.593120,
1.012390,
0.865748,
2.004320,
1.448150,
1.284330,
0.814364,
0.642276,
0.789060,
2.500000,
2.063060,
0.344508,
0.360999,
0.614522,
0.185759,
0.303949,
1.526670,
2.500000,
1.383210,
1.316700,
0.841044,
0.863404,
0.489100,
0.558516,
0.538678,
1.809370,
1.568830,
0.791392,
1.613380,
0.319599,
2.500000,
0.396413,
1.809150,
0.940575,
0.916336,
0.630669,
0.400216,
0.844077,
0.699700,
0.998892,
1.423940,
0.361162,
1.931130,
0.345933,
0.689282,
0.361175,
0.415867,
0.785770,
0.379047,
1.888990,
0.579336,
1.060060,
2.285180,
1.490310,
0.367733,
1.275000,
2.282030,
2.500000,
0.896395,
1.334650,
0.520819,
0.587925,
1.008470,
1.230390,
0.606434,
0.900843,
0.658121,
0.456453,
1.442120,
1.244810,
2.458030,
1.460230,
0.445287,
1.043870,
0.505191,
1.521200,
0.614340,
1.486310,
0.489635,
0.911837,
0.484240,
0.936333,
2.314600,
0.461823,
1.392660,
0.713214,
0.757577,
1.534290,
0.429612,
0.878889,
1.566580,
0.464156,
1.420210,
1.314090,
0.438138,
2.500000,
1.987180,
0.421101,
0.768896,
1.760860,
2.107910,
0.593117,
1.338230,
1.424010,
0.450126,
1.373070,
0.461611,
0.412888,
0.434885,
1.471170,
0.406243,
2.018010,
0.548948]
